function setup() {
  // XXXX No Touchy XXXX
  createCanvas(400, 400);
  background(133, 206, 255);
  angleMode(DEGREES);
}
function draw() {
  
  
  
  
//========================

//Color Library

//pretty yellow: 
// (254, 198, 10)
//pretty red:
// (189, 4, 4)


//==================== Background ========================================================================================================================
  noStroke();
  fill(82, 58, 12);
  rect(0, 330, 400, 70)
  
  //space needle ----------------------------------------------
  
  fill(199, 198, 197); //color
  strokeWeight(1); //stroke
  
  //actual shape:
  fill(254, 249, 235);
  beginShape();
  vertex(30, 330);
  bezierVertex(40, 200, 40, 170, 30, 100);
  bezierVertex(30, 100, 90, 100, 90, 100);
  bezierVertex(80, 170, 80, 200, 90, 330);
  bezierVertex(90, 330, 30, 330, 30, 330);
  endShape();
  
  fill(196, 164, 132);
  ellipse(60, 100, 90, 10);
  fill(111, 61, 27);
  rect(20, 87, 80, 10);
  fill(236, 212, 166);
  ellipse(60, 85, 100, 10);
  //fill();
  quad(20, 71, 100, 71, 95, 81, 25, 81);
  //fill();
  quad(20, 71, 40, 60, 80, 60, 100, 71);
  fill(20, 27, 33);
  triangle(60, 10, 66, 60, 53, 60);
  fill(232, 138, 136);
  ellipse(60, 10, 6, 6);
  
  
//===================== Matryoshka ===============================================================================================================================
  noStroke();
  
  fill(59, 41, 8);
  ellipse(200, 360, 170, 30);
  
  
  //Body
  fill(2, 145, 76);
  ellipse(200, 260, 170, 200); //big and round
  ellipse(200, 160, 110, 110); //head/face
  
  fill(2, 145, 76)
  triangle(148, 170, 160, 190, 140, 200);
  triangle(252, 170, 238, 190, 258, 200);
  
  //center body
  fill(100, 195, 25);
  stroke(4, 176, 35);
  strokeWeight(2.5);
  ellipse(200, 275, 150, 160);
  
  
  //fill(0);
  //triangle(155, 170, 170, 190, 150, 200);
  //triangle(245, 170, 230, 190, 250, 200);
  
  //crown ----------------------------------
  fill(189, 4, 4);
  noStroke();
  
  beginShape();
  vertex(265, 163);
  bezierVertex(265, 118.35, 265, 72.78, 202.77, 50);
  bezierVertex(134, 72.78, 134, 120.17, 134, 163);
  endShape();
  
  fill(254, 198, 10);
  strokeWeight(1);
  
  beginShape();
  vertex(256, 163);
  bezierVertex(256, 124.67, 256, 85.56, 202.8, 66);
  bezierVertex(144, 85.56, 144, 126.23, 144, 163);
  endShape();
  
  //crown decorations ----------------------------------------
  fill(189, 4, 4);
  beginShape();
  vertex(147.15, 136);
  bezierVertex(149.82, 138, 153.05, 142.8, 150.65, 146);
  bezierVertex(148.25, 149.2, 149.15, 153.33, 149.15, 155);
  bezierVertex(147.32, 154, 144.35, 150, 147.15, 146);
  bezierVertex(149.95, 141.2, 148.32, 137.33, 147.15, 136);
  endShape();
  
  beginShape();
  vertex(253.34, 136);
  bezierVertex(252.17, 137.33, 250.54, 141.2, 253.34, 146);
  bezierVertex(256.14, 150.8, 253.17, 154, 251.34, 155);
  bezierVertex(251.34, 153.33, 252.24, 149.2, 249.84, 146);
  bezierVertex(247.44, 142.8, 250.67, 138, 253.24, 136);
  endShape();
  
  ellipse(202.5, 80, 13, 13);
  ellipse(162, 110, 6, 6);
  ellipse(242, 110, 6, 6);
  ellipse(180, 90, 8, 8);
  ellipse(222, 90, 8, 8);
  
  //behind the face -----------------------------------------
  fill(254, 198, 10);
  noStroke();
  ellipse(200, 158, 99, 98);
  
  //pedestal -----------------------------------------------
  noStroke();
  fill(2, 145, 76);
  quad(147, 339, 252, 340, 260, 360, 140, 360);
  
  
  
  
  
  //=========================================================================
  
  //face ------------------------------------------------------
  fill(255, 212, 168);
  ellipse(200, 160, 90, 90);
  /*
  //center straight -------------------------------------------
  fill(189, 4, 4);
  rect(188, 205, 25, 135);
  fill(252, 167, 56);
  ellipse(200, 220, 5, 5);
  ellipse(200, 235, 5, 5);
  ellipse(200, 250, 5, 5);
  ellipse(200, 265, 5, 5);
  ellipse(200, 280, 5, 5);
  ellipse(200, 295, 5, 5);
  ellipse(200, 310, 5, 5);
  ellipse(200, 325, 5, 5);
  */
  
  //kistochki -------------------------------------------------
  fill(254, 198, 10);
  stroke(175, 21, 24);
  strokeWeight(1);
  
  beginShape();
  vertex(200, 204);
  bezierVertex(198, 217, 177, 225, 167, 228);
  bezierVertex(173, 201, 192, 199, 200, 204);
  endShape();
  
  beginShape();
  vertex(200, 204);
  bezierVertex(208, 200, 226, 201, 233, 228);
  bezierVertex(222, 225, 200, 215, 200, 204);
  endShape();
  
  //hair ------------------------------------------------------
  fill(99, 67, 40);
  noStroke();
  
  beginShape();
  vertex(200, 114);
  bezierVertex(208, 110, 226, 111, 240, 138);
  bezierVertex(222, 135, 200, 125, 200, 114);
  endShape();
  
  beginShape();
  vertex(209, 114);
  bezierVertex(198, 127, 177, 135, 161, 138);
  bezierVertex(173, 111, 192, 109, 200, 114)
  endShape();
  
  //cheeks ---------------------------------------------------
  fill(255, 207, 196);
  ellipse(170, 175, 17.5, 17.5);
  fill(252, 190, 177);
  ellipse(170, 175, 16, 16);
  fill(252, 175, 159);
  ellipse(170, 175, 14, 14);
  fill(252, 165, 146);
  ellipse(170, 175, 10, 10);
  
  //right
  fill(255, 207, 196);
  ellipse(230, 175, 17.5, 17.5);
  fill(252, 190, 177);
  ellipse(230, 175, 16, 16);
  fill(252, 175, 159);
  ellipse(230, 175, 14, 14);
  fill(252, 165, 146);
  ellipse(230, 175, 10, 10);
  
  //left eye ----------------------------------------------------
  fill(0);
  ellipse(178, 150, 20, 15)
  fill(400);
  
  beginShape();
  vertex(193, 153);
  bezierVertex(181, 159, 175, 160, 163, 153);
  bezierVertex(175, 136, 188, 146, 193, 153);
  endShape();
  
  fill(127, 187, 229);
  ellipse(178, 151, 13, 13);
  fill(0);
  ellipse(178, 151, 8, 8);
  
  //right eye ----------------------------------------
  fill(0);
  ellipse(218.7, 149.8, 20, 14)
  fill(400);
  
  beginShape();
  vertex(233, 153);
  bezierVertex(224, 159, 213, 160, 206, 153);
  bezierVertex(215, 137, 228, 146, 233, 153);
  endShape();
  
  fill(127, 187, 229);
  ellipse(219, 151.5, 13, 13);
  fill(0);
  ellipse(219, 151.5, 8, 8);
  
  
  //nose -----------------------------------------------------
  strokeWeight(1.2);
  stroke(189, 161, 85);
  noFill();
  arc(200, 166, 6, 4, 180, 0);
  
  //mouth ----------------------------------------------------
  stroke(0);
  //upper lip
  fill(255, 97, 97);
  strokeWeight(0.7);
  
  beginShape();
  vertex(208, 183);
  bezierVertex(208.5, 181.5, 207, 178.5, 203, 179);
  bezierVertex(202, 179, 201, 179.5, 200, 180.25);
  bezierVertex(199, 179.5, 198.5, 179, 196.5, 179);
  bezierVertex(193.5, 179, 192, 182, 193, 184);
  bezierVertex(196, 186, 205, 185, 210, 183);
  endShape();
  
  //lower lip
  beginShape();
  vertex(208, 183);
  bezierVertex(205, 188, 194.5, 188.5, 193, 183);
  bezierVertex(196.87, 184.6, 202.37, 184.29, 208, 183);
  endShape();
  strokeWeight(1);
  noFill();
  bezier(187, 181, 190, 185, 210, 185, 213, 181)
  
  
/*
  noStroke();
  fill(212, 2, 2);
  
  beginShape();
  vertex(257.46, 250.14);
  bezierVertex(254.62, 254.64, 251.96, 261.14, 247.46, 254.64);
  bezierVertex(242.96, 248.14, 249.96, 248.98, 253.96, 247.14);
  bezierVertex(250.79, 248.81, 245.37, 244.14, 249.96, 238.64);
  bezierVertex(253.96, 233.8, 258.12, 239.81, 259.96, 244.14);
  bezierVertex(258.46, 239.48, 258.46, 232.91, 265.96, 235.64);
  bezierVertex(273.46, 238.37, 268.79, 243.14, 264.46, 245.64);
  bezierVertex(270.12, 243.81, 277.12, 243.64, 274.46, 250.64);
  bezierVertex(271.98, 257.14, 266.46, 253.48, 262.96, 249.64);
  bezierVertex(266.29, 254.48, 269.46, 262.54, 261.46, 262.14);
  bezierVertex(253.46, 261.74, 255.96, 254.48, 257.46, 250.14);
  endShape();
*/
  
  
  //flower ------------------------------------------------
  noStroke();
  fill(255, 150, 231);
  ellipse(200, 260, 30, 30);
  fill(255, 117, 207);
  ellipse(220, 270, 30, 30);
  fill(255, 150, 231);
  ellipse(180, 275, 30, 30);
  fill(255, 150, 231);
  ellipse(210, 290, 27, 27);
  fill(255, 117, 207);
  ellipse(190, 295, 32, 32);
  fill(255, 117, 207);
  ellipse(195, 270, 20, 20);
  fill(255, 117, 207);
  ellipse(205, 285, 15, 15);
  fill(255, 150, 231);
  ellipse(205, 273, 13, 13);
  fill(247, 74, 188);
  ellipse(200, 280, 10, 10);
  
  //colors:
  //255, 150, 231
  //255, 117, 207
  
  //leaves ------------------------------------
  fill(52, 130, 30);
  beginShape();
  vertex(240, 270);
  bezierVertex(241.02, 264.86, 248.65, 252.35, 265, 250);
  bezierVertex(267.22, 260.91, 255.72, 275.95, 240, 271.2);
  endShape();
  
  beginShape();
  vertex(235, 280);
  bezierVertex(246.08, 282.63, 257.05, 272.92, 253, 275);
  bezierVertex(260, 280, 250, 295, 235, 280);
  endShape();
}
